title:stcGodRoll Weapon
dimwishlist:item=105164264&perks=938542991,269888150,776531651,2048641572,744217850
dimwishlist:item=231031173&perks=4090651448,1885400500,2014892510,102912326,3186078099
dimwishlist:item=231031173&perks=4090651448,1885400500,1563455254,102912326,3186078099
dimwishlist:item=231031173&perks=4090651448,1087426260,2014892510,102912326,3186078099
dimwishlist:item=231031173&perks=4090651448,1087426260,1563455254,102912326,3186078099
dimwishlist:item=231031173&perks=1482024992,1885400500,2014892510,102912326,3186078099
dimwishlist:item=231031173&perks=1482024992,1885400500,1563455254,102912326,3186078099
dimwishlist:item=231031173&perks=1482024992,1087426260,2014892510,102912326,3186078099
dimwishlist:item=231031173&perks=1482024992,1087426260,1563455254,102912326,3186078099
dimwishlist:item=267089201&perks=1840239774,106909392,1354429876,1546637391,744217850
dimwishlist:item=268260372&perks=3525010810,3301904089,424370782,331667533,1823011807
dimwishlist:item=304659313&perks=3525010810,3032599245,3161816588,4104185692
dimwishlist:item=304659313&perks=3525010810,3032599245,3161816588,1546637391
dimwishlist:item=484515708&perks=1840239774,1885400500,1563455254,102912326,3186078099
dimwishlist:item=484515708&perks=1840239774,1885400500,461595545,102912326,3186078099
dimwishlist:item=484515708&perks=1840239774,1087426260,1563455254,102912326,3186078099
dimwishlist:item=484515708&perks=1840239774,1087426260,461595545,102912326,3186078099
dimwishlist:item=484515708&perks=1482024992,1885400500,1563455254,102912326,3186078099
dimwishlist:item=484515708&perks=1482024992,1885400500,461595545,102912326,3186078099
dimwishlist:item=484515708&perks=1482024992,1087426260,1563455254,102912326,3186078099
dimwishlist:item=484515708&perks=1482024992,1087426260,461595545,102912326,3186078099
dimwishlist:item=568611921&perks=1478423395,2822142346,2010801679,2396489472,2489430594
dimwishlist:item=568611921&perks=1478423395,2822142346,2010801679,3592538738,2489430594
dimwishlist:item=568611921&perks=1478423395,2822142346,3523296417,2396489472,2489430594
dimwishlist:item=568611921&perks=1478423395,2822142346,3523296417,3592538738,2489430594
dimwishlist:item=568611921&perks=3525010810,2822142346,2010801679,2396489472,2489430594
dimwishlist:item=568611921&perks=3525010810,2822142346,2010801679,3592538738,2489430594
dimwishlist:item=568611921&perks=3525010810,2822142346,3523296417,2396489472,2489430594
dimwishlist:item=568611921&perks=3525010810,2822142346,3523296417,3592538738,2489430594
dimwishlist:item=568611922&perks=981914802,3492396210,3300816228,1546637391,2489430594
dimwishlist:item=568611922&perks=981914802,3492396210,3300816228,469285294,2489430594
dimwishlist:item=568611922&perks=981914802,3301904089,3300816228,1546637391,2489430594
dimwishlist:item=568611922&perks=981914802,3301904089,3300816228,469285294,2489430594
dimwishlist:item=568611922&perks=3525010810,3492396210,3300816228,1546637391,2489430594
dimwishlist:item=568611922&perks=3525010810,3492396210,3300816228,469285294,2489430594
dimwishlist:item=568611922&perks=3525010810,3301904089,3300816228,1546637391,2489430594
dimwishlist:item=568611922&perks=3525010810,3301904089,3300816228,469285294,2489430594
dimwishlist:item=568611923&perks=3525010810,3301904089,968510818,3078487919,2489430594
dimwishlist:item=568611923&perks=3525010810,2985827016,968510818,3078487919,2489430594
dimwishlist:item=568611923&perks=3525010810,3373736292,968510818,3993379141,2489430594
dimwishlist:item=613334176&perks=3525010810,2822142346,3797647183,598607952,3363267119
dimwishlist:item=839786290&perks=3525010810,3796465595,968510818,3078487919,398661035
dimwishlist:item=1050806815&perks=1840239774,1885400500,776531651,3081867624,2489430594
dimwishlist:item=1050806815&perks=1840239774,1885400500,776531651,2048641572,2489430594
dimwishlist:item=1050806815&perks=1840239774,1885400500,1820235745,3081867624,2489430594
dimwishlist:item=1050806815&perks=1840239774,1885400500,1820235745,2048641572,2489430594
dimwishlist:item=1050806815&perks=1482024992,1885400500,776531651,3081867624,2489430594
dimwishlist:item=1050806815&perks=1482024992,1885400500,776531651,2048641572,2489430594
dimwishlist:item=1050806815&perks=1482024992,1885400500,1820235745,3081867624,2489430594
dimwishlist:item=1050806815&perks=1482024992,1885400500,1820235745,2048641572,2489430594
dimwishlist:item=1151688091&perks=3525010810,2822142346,1556840489,2173046394,744217850
dimwishlist:item=1218113510&perks=3525010810,2822142346,2039302152,2396489472,2120661319
dimwishlist:item=1332123064&perks=3525010810,3301904089,3108830275,4293542123,2437618208
dimwishlist:item=1332123064&perks=3525010810,3032599245,3108830275,4293542123,2437618208
dimwishlist:item=1471212226&perks=839105230,2680121939,461595545,2675184851,3186078099
dimwishlist:item=1471212226&perks=839105230,2680121939,1563455254,2675184851,3186078099
dimwishlist:item=1491665733&perks=839105230,689005463,1563455254,781192741,3186078099
dimwishlist:item=1491665733&perks=839105230,1687452232,1563455254,781192741,3186078099
dimwishlist:item=1491665733&perks=839105230,1687452232,424370782,781192741,3186078099
dimwishlist:item=1491665733&perks=839105230,689005463,461595545,781192741,3186078099
dimwishlist:item=1491665733&perks=839105230,689005463,1563455254,781192741,3186078099
dimwishlist:item=1491665733&perks=839105230,689005463,424370782,781192741,3186078099
dimwishlist:item=1501688142&perks=839105230,689005463,424370782,332733060,3978094547
dimwishlist:item=1501688142&perks=839105230,689005463,461595545,332733060,3978094547
dimwishlist:item=1501688142&perks=839105230,1687452232,424370782,332733060,3978094547
dimwishlist:item=1501688142&perks=839105230,1687452232,461595545,332733060,3978094547
dimwishlist:item=1820994983&perks=839105230,3230963543,3017780555,4293542123,1050127423
dimwishlist:item=1820994983&perks=839105230,1885400500,1820235745,4293542123,1050127423
dimwishlist:item=1821529912&perks=839105230,2420895100,1354429876,1546637391,744217850
dimwishlist:item=1821529912&perks=839105230,106909392,1354429876,1546637391,744217850
dimwishlist:item=1821529912&perks=1840239774,2420895100,1354429876,1546637391,744217850
dimwishlist:item=1821529912&perks=1840239774,106909392,1354429876,1546637391,744217850
dimwishlist:item=1851777734&perks=3525010810,3796465595,461595545,3744057135,1489048135
dimwishlist:item=1896309757&perks=839105230,2420895100,3418782618,557221067,2489430594
dimwishlist:item=1896309757&perks=839105230,2420895100,3418782618,95528736,2489430594
dimwishlist:item=1896309757&perks=839105230,2420895100,2048641572,557221067,2489430594
dimwishlist:item=1896309757&perks=839105230,2420895100,2048641572,95528736,2489430594
dimwishlist:item=1896309757&perks=839105230,2420895100,968510818,557221067,2489430594
dimwishlist:item=1896309757&perks=839105230,2420895100,968510818,95528736,2489430594
dimwishlist:item=1896309757&perks=839105230,3230963543,3418782618,557221067,2489430594
dimwishlist:item=1896309757&perks=839105230,3230963543,3418782618,95528736,2489430594
dimwishlist:item=1896309757&perks=839105230,3230963543,2048641572,557221067,2489430594
dimwishlist:item=1896309757&perks=839105230,3230963543,2048641572,95528736,2489430594
dimwishlist:item=1896309757&perks=839105230,3230963543,968510818,557221067,2489430594
dimwishlist:item=1896309757&perks=839105230,3230963543,968510818,95528736,2489430594
dimwishlist:item=1896309757&perks=1840239774,2420895100,3418782618,557221067,2489430594
dimwishlist:item=1896309757&perks=1840239774,2420895100,3418782618,95528736,2489430594
dimwishlist:item=1896309757&perks=1840239774,2420895100,2048641572,557221067,2489430594
dimwishlist:item=1896309757&perks=1840239774,2420895100,2048641572,95528736,2489430594
dimwishlist:item=1896309757&perks=1840239774,2420895100,968510818,557221067,2489430594
dimwishlist:item=1896309757&perks=1840239774,2420895100,968510818,95528736,2489430594
dimwishlist:item=1896309757&perks=1840239774,3230963543,3418782618,557221067,2489430594
dimwishlist:item=1896309757&perks=1840239774,3230963543,3418782618,95528736,2489430594
dimwishlist:item=1896309757&perks=1840239774,3230963543,2048641572,557221067,2489430594
dimwishlist:item=1896309757&perks=1840239774,3230963543,2048641572,95528736,2489430594
dimwishlist:item=1896309757&perks=1840239774,3230963543,968510818,557221067,2489430594
dimwishlist:item=1896309757&perks=1840239774,3230963543,968510818,95528736,2489430594
dimwishlist:item=2194955522&perks=839105230,106909392,2308090567,2675184851,1905044254
dimwishlist:item=2194955522&perks=1840239774,106909392,2308090567,2675184851,1905044254
dimwishlist:item=2302346155&perks=839105230,2420895100,848860060,2002547233,566815328
dimwishlist:item=2306182339&perks=3525010810,3032599245,3300816228,1546637391,2437618208
dimwishlist:item=2306182339&perks=3525010810,3301904089,3300816228,1546637391,2437618208
dimwishlist:item=2481881293&perks=689005463,1556840489,1546637391
dimwishlist:item=2558925366&perks=839105230,689005463,2682205016,2037312142,3978094547
dimwishlist:item=2558925366&perks=1840239774,689005463,2682205016,2037312142,3978094547
dimwishlist:item=2715240478&perks=839105230,689005463,3300816228,2978966579,4091460919
dimwishlist:item=2715240478&perks=839105230,689005463,1556840489,2978966579,4091460919
dimwishlist:item=2715240478&perks=1840239774,689005463,3300816228,2978966579,4091460919
dimwishlist:item=2715240478&perks=1840239774,689005463,1556840489,2978966579,4091460919
dimwishlist:item=2738601016&perks=3525010810,3301904089,968510818,3078487919
dimwishlist:item=2763843899&perks=1840239774,3230963543,3017780555,4293542123,2489430594
dimwishlist:item=2806569825&perks=839105230,2420895100,1523832109,555281244,220689851
dimwishlist:item=2827764482&perks=839105230,732557052,2840833776,1720528630,192157151
dimwishlist:item=2884596447&perks=839105230,2420895100,1563455254,1549370717,1489048135
dimwishlist:item=2978226043&perks=594346985,3721627275,1658784563,2241043034,192157151
dimwishlist:item=2978226043&perks=594346985,3721627275,2682205016,2241043034,192157151
dimwishlist:item=3103325054&perks=1840239774,2420895100,848860060,2939589096,192157151
dimwishlist:item=3103325054&perks=839105230,2420895100,848860060,2939589096,192157151
dimwishlist:item=3163900678&perks=1047830412,791862061,494941759,788178929,1156201379
dimwishlist:item=3163900678&perks=1047830412,791862061,191144788,788178929,1156201379
dimwishlist:item=3257091167&perks=1261178282,269888150,1618208178,147913470,1260401931
dimwishlist:item=3366545721&perks=2827049491,269888150,4085959009,781192741,766321425
dimwishlist:item=3371413057&perks=3666208348,269888150,4085959009,147913470,3988215619
dimwishlist:item=3371413057&perks=3666208348,269888150,4085959009,147913470,1905044254
dimwishlist:item=3381450498&perks=3525010810,106909392,1556840489,2173046394,220689851
dimwishlist:item=3381450498&perks=3525010810,106909392,951095735,2173046394,220689851
dimwishlist:item=3381450498&perks=3525010810,106909392,3828510309,2173046394,220689851
dimwishlist:item=3583275737&perks=839105230,106909392,1820235745,95528736,1050127423
dimwishlist:item=3583275737&perks=839105230,106909392,3418782618,95528736,1050127423
dimwishlist:item=3612338554&perks=839105230,2420895100,1523832109,1546637391,2489430594
dimwishlist:item=3998080529&perks=1840239774,106909392,3017780555,4293542123,2509860981
dimwishlist:item=4255586669&perks=3525010810,3032599245,3300816228,1546637391,2120661319
dimwishlist:item=4255586669&perks=3525010810,3301904089,3300816228,1546637391,2120661319


